# cmocean deep: the oceanographic convention, deep dark blue to pale shelf
-11000 40 26 44
-5500 40 26 44
-5000 48 36 62
-4500 56 45 82
-4000 63 56 105
-3500 65 66 126
-3000 63 80 142
-2500 62 95 147
-2000 63 109 151
-1500 66 122 153
-1000 70 136 156
-500 74 149 159
-400 80 163 162
-300 86 176 164
-250 98 191 164
-200 115 203 163
-150 141 215 163
-100 170 224 168
-50 200 234 177
-20 227 244 189
0 253 254 204
-0.01 253 254 204
0.01 150 150 150
300 163 163 163
900 186 186 186
1600 208 208 208
2400 226 226 226
3500 242 242 242
