# ETOPO-style blues: dark navy abyss to near-white shelf
-11000 0 0 60
-5500 0 0 60
-5000 0 0 90
-4500 0 10 120
-4000 0 30 150
-3500 0 50 175
-3000 0 75 200
-2500 0 100 215
-2000 0 125 225
-1500 0 150 235
-1000 0 170 240
-500 10 190 245
-400 40 200 247
-300 70 210 249
-250 100 218 250
-200 130 226 251
-150 160 233 252
-100 190 240 253
-50 210 245 253
-20 230 250 254
0 245 253 255
-0.01 245 253 255
0.01 150 150 150
300 163 163 163
900 186 186 186
1600 208 208 208
2400 226 226 226
3500 242 242 242
