# GMT's globe colours over the sea: the classic printed look
-11000 153 0 255
-5500 153 0 255
-5000 153 0 255
-4500 153 0 255
-4000 136 17 255
-3500 119 51 255
-3000 85 85 255
-2500 51 119 255
-2000 17 153 255
-1500 0 187 255
-1000 0 221 255
-500 0 255 255
-400 51 255 255
-300 102 255 255
-250 128 255 255
-200 153 255 255
-150 178 255 255
-100 204 255 255
-50 216 255 255
-20 229 255 255
0 242 255 255
-0.01 242 255 255
0.01 150 150 150
300 163 163 163
900 186 186 186
1600 208 208 208
2400 226 226 226
3500 242 242 242
