# cmocean haline: dark blue to bright green-yellow
-11000 42 24 108
-5500 42 24 108
-5000 46 28 140
-4500 40 41 163
-4000 22 64 157
-3500 12 80 149
-3000 17 94 143
-2500 28 106 140
-2000 39 118 138
-1500 48 129 137
-1000 56 141 136
-500 63 153 134
-400 71 165 131
-300 81 177 125
-250 95 190 117
-200 115 200 106
-150 143 210 95
-100 175 217 93
-50 206 224 108
-20 231 231 129
0 253 239 154
-0.01 253 239 154
0.01 150 150 150
300 163 163 163
900 186 186 186
1600 208 208 208
2400 226 226 226
3500 242 242 242
