# IBCAO's published tints, read off the legend of the NOAA/IBCAO Arctic sheet
-11000 255 0 254
-5500 255 0 254
-5499.99 226 30 252
-5000 226 30 252
-4999.99 190 66 250
-4500 190 66 250
-4499.99 154 103 244
-4000 154 103 244
-3999.99 122 135 240
-3500 122 135 240
-3499.99 81 173 238
-3000 81 173 238
-2999.99 48 206 235
-2500 48 206 235
-2499.99 20 235 230
-2000 20 235 230
-1999.99 1 255 229
-1500 1 255 229
-1499.99 0 255 161
-1000 0 255 161
-999.99 0 255 135
-900 0 255 135
-899.99 0 255 110
-800 0 255 110
-799.99 1 255 85
-700 1 255 85
-699.99 1 255 60
-600 1 255 60
-599.99 1 255 38
-500 1 255 38
-499.99 0 255 25
-400 0 255 25
-399.99 40 255 1
-300 40 255 1
-299.99 108 255 1
-250 108 255 1
-249.99 174 255 0
-200 174 255 0
-199.99 242 255 0
-150 242 255 0
-149.99 255 200 1
-100 255 200 1
-99.99 255 134 1
-50 255 134 1
-49.99 255 68 1
-20 255 68 1
-19.99 254 10 0
0 254 10 0
-0.01 254 10 0
0.01 150 150 150
300 163 163 163
900 186 186 186
1600 208 208 208
2400 226 226 226
3500 242 242 242
