# Crameri lapaz: perceptually uniform, deep blue through to warm shallows
-11000 28 19 104
-5500 28 19 104
-5000 32 32 113
-4500 35 45 123
-4000 38 58 132
-3500 41 71 140
-3000 45 83 147
-2500 49 94 153
-2000 56 106 158
-1500 63 116 161
-1000 74 127 163
-500 86 136 164
-400 101 145 162
-300 116 152 159
-250 133 158 156
-200 149 163 152
-150 165 167 149
-100 184 174 151
-50 206 185 159
-20 227 199 176
0 242 215 198
-0.01 242 215 198
0.01 150 150 150
300 163 163 163
900 186 186 186
1600 208 208 208
2400 226 226 226
3500 242 242 242
