# Crameri oleron, sea half: made for topography and bathymetry either side of zero
-11000 26 38 89
-5500 26 38 89
-5000 35 47 98
-4500 46 58 109
-4000 57 69 120
-3500 66 79 130
-3000 78 90 141
-2500 89 102 153
-2000 101 114 165
-1500 112 125 176
-1000 124 137 188
-500 137 150 201
-400 150 162 213
-300 161 173 224
-250 173 186 234
-200 185 198 242
-150 195 208 246
-100 203 216 248
-50 212 225 251
-20 222 234 253
0 26 76 0
-0.01 26 76 0
0.01 150 150 150
300 163 163 163
900 186 186 186
1600 208 208 208
2400 226 226 226
3500 242 242 242
