# Crameri oslo: perceptually uniform, deep dark to shelf light
-11000 8 14 22
-5500 8 14 22
-5000 13 24 36
-4500 15 33 51
-4000 17 42 67
-3500 20 52 84
-3000 24 63 102
-2500 30 74 120
-2000 37 85 137
-1500 48 97 156
-1000 64 110 175
-500 83 125 190
-400 100 137 198
-300 116 148 201
-250 131 157 202
-200 144 165 201
-150 158 174 201
-100 173 184 203
-50 189 196 207
-20 206 209 215
0 224 225 228
-0.01 224 225 228
0.01 150 150 150
300 163 163 163
900 186 186 186
1600 208 208 208
2400 226 226 226
3500 242 242 242
