# Muted cartographic blues in the Patterson manner: quiet under labels and tracks
-11000 38 64 96
-5500 38 64 96
-5000 44 74 110
-4500 50 85 124
-4000 57 96 138
-3500 64 108 152
-3000 72 120 165
-2500 82 133 178
-2000 93 146 190
-1500 105 159 200
-1000 118 172 209
-500 132 184 217
-400 146 193 222
-300 159 201 227
-250 170 208 231
-200 181 215 235
-150 192 222 239
-100 203 228 242
-50 214 234 245
-20 224 240 248
0 234 245 250
-0.01 234 245 250
0.01 150 150 150
300 163 163 163
900 186 186 186
1600 208 208 208
2400 226 226 226
3500 242 242 242
